%YAML:1.0
---
width: 1133
height: 850
K: !!opencv-matrix
   rows: 3
   cols: 3
   dt: d
   data: [ 8.1410038606032060e+02, 0., 5.7601590333077274e+02, 0.,
       8.1291792410345511e+02, 4.1958461146468420e+02, 0., 0., 1. ]
D: !!opencv-matrix
   rows: 8
   cols: 1
   dt: d
   data: [ 7.7850345314283059e-02, -9.6067461739368629e-02,
       -1.6739572346690817e-03, -1.4807743553163790e-03,
       1.4694179772400077e-03, 0., 0., 0. ]
